$LK8EX1,98705,220,0,20,1090,*2A
$LK8EX1,98705,220,7,20,1090,*2D
$LK8EX1,98704,220,14,20,1090,*1E
$LK8EX1,98704,220,20,20,1090,*19
$LK8EX1,98703,221,25,20,1090,*1A
$LK8EX1,98703,221,28,20,1090,*17
$LK8EX1,98703,221,30,20,1090,*1E
$LK8EX1,98702,221,30,20,1090,*1F
$LK8EX1,98702,221,27,20,1090,*19
$LK8EX1,98701,221,23,20,1090,*1E
$LK8EX1,98701,221,18,20,1090,*16
$LK8EX1,98701,221,11,20,1090,*1F
$LK8EX1,98700,221,4,20,1090,*2A
$LK8EX1,98700,221,-3,20,1090,*00
$LK8EX1,98699,221,-11,20,1090,*32
$LK8EX1,98699,221,-17,20,1090,*34
$LK8EX1,98699,221,-23,20,1090,*33
$LK8EX1,98698,221,-27,20,1090,*36
$LK8EX1,98698,221,-29,20,1090,*38
$LK8EX1,98697,221,-30,20,1090,*3F
$LK8EX1,98697,221,-29,20,1090,*37
$LK8EX1,98697,221,-26,20,1090,*38
$LK8EX1,98696,221,-21,20,1090,*3E
$LK8EX1,98696,221,-15,20,1090,*39
$LK8EX1,98695,221,-8,20,1090,*06
$LK8EX1,98695,221,-1,20,1090,*0F
$LK8EX1,98695,221,6,20,1090,*25
$LK8EX1,98694,221,14,20,1090,*17
$LK8EX1,98694,221,20,20,1090,*10
$LK8EX1,98693,221,25,20,1090,*12
$LK8EX1,98693,221,28,20,1090,*1F
$LK8EX1,98693,221,30,20,1090,*16
$LK8EX1,98692,222,30,20,1090,*14
$LK8EX1,98692,222,28,20,1090,*1D
$LK8EX1,98691,222,24,20,1090,*12
$LK8EX1,98691,222,19,20,1090,*1C
$LK8EX1,98691,222,12,20,1090,*17
$LK8EX1,98690,222,5,20,1090,*20
$LK8EX1,98690,222,-2,20,1090,*0A
$LK8EX1,98689,222,-10,20,1090,*31
